% 1 Bragança                41N49 6W45
% 2 Vila Real               41N18 7W45
% 3 Chaves                  41N44 7W28
% 4 Viana do Castelo        41N42 8W50 
% 5 Braga                   41N33 8W26
% 6 Aveiro                  40N38 8W39
% 7 Porto                   41N11 8W36
% 8 Viseu                   40N39 7W55
% 9 Lamego                  41N06 7W49
% 10 Guimarães              41N27 8W18 
% 11 Braga                  41N33 8W26
% 12 Barcelos               41N31 8W37
% 13 Peso da Regua          41N09 7W47
% 14 Valença do Minho       42N02 8W38
coordenadas_cities = [ 1 41.49 6.45
     2 41.18 7.24
     3 41.44 7.28
     4 41.42 8.50 
     5 41.33 8.26
     6 40.38 8.39
     7 41.11 8.36
     8 40.39 7.55
     9 41.06 7.49
     10 41.27 8.18 
     11 41.33 8.26
     12 41.31 8.37
     13 41.09 7.47
     14 42.02 8.38
     ];

cities = [coordenadas_cities(:,2)';coordenadas_cities(:,3)']